0 252 860
1 877 688
2 786 889
3 129 678
4 883 808
5 537 688
6 843 667
7 916 803
8 650 360
9 837 980
10 545 262
11 833 967
12 628 311
13 470 56
14 77 855
15 454 345
16 354 593
17 329 826
18 430 353
19 740 329
20 740 370
21 246 128
22 26 303
23 671 32
24 107 621
25 542 820
26 774 620
27 711 881
28 696 637
29 897 703
30 66 671
31 901 495
32 888 842
33 643 56
34 198 217
35 959 720
36 822 305
37 481 936
38 27 473
39 279 199
40 919 498
41 47 131
42 450 358
43 800 872
44 635 479
45 23 60
46 590 901
47 959 625
48 726 531
49 192 690
50 510 918
51 834 940
52 656 276
53 500 161
54 270 53
55 537 269
56 710 373
57 368 281
58 396 667
59 369 620
60 845 439
61 949 806
62 925 901
63 227 739
64 541 969
65 447 150
66 798 793
67 764 288
68 731 715
69 811 334
70 17 336
71 620 543
72 53 145
73 841 470
74 401 788
75 470 141
76 18 47
77 394 787
78 823 676
79 898 512
80 919 429
81 913 155
82 868 120
83 782 621
84 734 809
85 754 204
86 401 168
87 3 594
88 290 338
89 704 689
90 55 156
91 946 324
92 783 990
93 947 403
94 964 206
95 954 765
96 756 841
97 553 437
98 487 234
99 225 522
100 124 843
101 568 798
102 324 124
103 569 350
104 877 238
105 456 945
106 765 403
107 135 901
108 445 176
109 683 532
110 24 207
111 361 684
112 220 790
113 827 471
114 953 835
115 652 603
116 476 73
117 527 154
118 177 317
119 318 464
120 732 293
121 868 135
122 385 882
123 905 794
124 288 123
125 226 679
126 597 38
127 682 943
128 176 702
129 257 816
130 367 758
131 688 114
132 290 583
133 616 179
134 876 680
135 321 935
136 942 758
137 842 340
138 162 739
139 484 189
140 113 619
141 928 595
142 551 715
143 738 946
144 127 316
145 938 218
146 156 753
147 279 369
148 438 599
149 764 17
150 381 331
151 569 489
152 912 461
153 861 308
154 17 720
155 812 447
156 757 572
157 709 890
158 173 54
159 665 331
160 666 346
161 104 536
162 126 490
163 688 562
164 205 763
165 384 636
166 825 600
167 320 359
168 584 157
169 678 900
170 327 667
171 690 501
172 810 550
173 422 454
174 826 438
175 48 343
176 651 881
177 82 430
178 764 58
179 459 332
180 18 954
181 499 381
182 125 344
183 823 934
184 568 149
185 322 572
186 535 212
187 819 369
188 649 738
189 138 457
190 738 43
191 741 591
192 481 797
193 673 354
194 301 328
195 248 421
196 964 435
197 278 625
198 387 618
199 601 647
200 495 821
